[67. 72.]
[7.70000e-05 4.71000e-04 1.52700e-03 2.84400e-03 4.34000e-03 6.02500e-03
 7.92300e-03 1.00400e-02 1.23870e-02 1.49810e-02 1.78250e-02 2.09310e-02
 2.43130e-02 2.79870e-02 3.19660e-02 3.62650e-02 4.09020e-02 4.58960e-02
 5.12600e-02 5.70090e-02 6.31590e-02 6.97260e-02 7.67270e-02 8.41770e-02
 9.20920e-02 1.00487e-01 1.09377e-01 1.18778e-01 1.28704e-01 1.39169e-01
 1.50184e-01 1.61763e-01 1.73919e-01 1.86664e-01 2.00007e-01 2.13958e-01
 2.28525e-01 2.43715e-01 2.59532e-01 2.75981e-01 2.93062e-01 3.10776e-01
 3.29120e-01 3.48087e-01 3.67669e-01 3.87856e-01 4.08632e-01 4.29979e-01
 4.51876e-01 4.74296e-01 4.97207e-01 5.20573e-01 5.44351e-01 5.68493e-01
 5.92942e-01 6.17641e-01 6.42522e-01 6.67505e-01 6.92501e-01 7.42170e-01
 7.90661e-01 8.58986e-01 8.99952e-01 9.35728e-01 9.64902e-01 9.85886e-01
 1.00000e+00]
[-0.000433  0.001157  0.002557  0.003879  0.005192  0.006498  0.007775
  0.009031  0.01027   0.011485  0.012691  0.013896  0.015104  0.016318
  0.017543  0.018783  0.020032  0.021282  0.022538  0.023809  0.025097
  0.0264    0.027711  0.029032  0.030364  0.031706  0.033054  0.034404
  0.035755  0.037108  0.038465  0.039819  0.041164  0.042492  0.043798
  0.045077  0.046323  0.047531  0.048692  0.0498    0.050846  0.051823
  0.052727  0.053556  0.054302  0.054959  0.055536  0.056023  0.056358
  0.056517  0.056519  0.056385  0.056077  0.055531  0.054731  0.053774
  0.05264   0.051228  0.049499  0.04532   0.039973  0.030303  0.023
  0.0158    0.0099    0.0051    0.002   ]
[7.70000e-05 1.75000e-04 1.04000e-03 2.11500e-03 3.22500e-03 4.45500e-03
 5.76300e-03 7.12700e-03 8.55800e-03 1.00730e-02 1.16820e-02 1.34000e-02
 1.52410e-02 1.72210e-02 1.93550e-02 2.16590e-02 2.41520e-02 2.68510e-02
 2.97720e-02 3.29320e-02 3.63490e-02 4.00390e-02 4.40210e-02 4.83110e-02
 5.29270e-02 5.78830e-02 6.31980e-02 6.88880e-02 7.49710e-02 8.14620e-02
 8.83780e-02 9.57350e-02 1.03548e-01 1.11834e-01 1.20607e-01 1.29882e-01
 1.39673e-01 1.49996e-01 1.60861e-01 1.72284e-01 1.84275e-01 1.96845e-01
 2.10004e-01 2.23762e-01 2.38127e-01 2.53105e-01 2.68701e-01 2.84918e-01
 3.01759e-01 3.19222e-01 3.37305e-01 3.56002e-01 3.75305e-01 3.95202e-01
 4.15678e-01 4.36713e-01 4.58281e-01 4.80353e-01 5.02894e-01 5.25865e-01
 5.72920e-01 6.21113e-01 6.69967e-01 7.18945e-01 7.67380e-01 8.14374e-01
 8.58875e-01 8.99693e-01 9.35477e-01 9.64709e-01 9.85787e-01 9.97228e-01]
[-0.000433 -0.001999 -0.003274 -0.004347 -0.00534  -0.00618  -0.006931
 -0.007638 -0.008315 -0.008974 -0.009624 -0.010273 -0.010927 -0.011593
 -0.012277 -0.012983 -0.01371  -0.01446  -0.015231 -0.016029 -0.016852
 -0.0177   -0.018567 -0.019454 -0.020364 -0.021297 -0.022252 -0.023226
 -0.024214 -0.025215 -0.026232 -0.027259 -0.028296 -0.029339 -0.030384
 -0.03143  -0.032473 -0.033512 -0.034541 -0.035557 -0.036556 -0.037535
 -0.038489 -0.039414 -0.040302 -0.041148 -0.041945 -0.042683 -0.043351
 -0.043935 -0.044419 -0.044787 -0.04502  -0.045093 -0.044979 -0.044642
 -0.044038 -0.043132 -0.041909 -0.040364 -0.036371 -0.031295 -0.025487
 -0.019652 -0.014603 -0.010101 -0.006364 -0.003543 -0.001814 -0.000806
 -0.000425 -0.000364]
